1
01101111
00000110
111111101
01101010
10100111
01000011
00010111
11001111
00100100
00001111
0000001
10100000
00110011
10010101
10011111
11001101
01011011
01110011
01100110
00100000
00101110
10100001
01011110
10001110
00011010
00010010
01010011
10110101
00100110
10010010
01000010
00110111
11111111
111111100
00111011
00110110
01011010
10101011
11011111
10110110
10001011
01000001
00111110
01100000
00011110
01010100
10001111
11111001
11110011
11100010
01110000
11101111
01100011
00100111
11000111
01000101
11101011
10100110
01010010
01110100
11110001
10110100
11110110
01100101
00011001
10011101
00000001
01001001
00111001
00010001
10101001
01100100
11000011
01110010
00001110
01010001
11101101
10110111
01110111
11001110
00110101
10000011
10100011
10111010
10010111
11000101
00001001
10100010
01001101
01110001
00000111
00110000
10011001
10011000
00100101
11100001
00011000
11001011
10000101
00000101
11011100
11111101
10110000
11100110
10010001
11100100
10010100
01111100
10101100
11110010
11110100
11111011
11101100
01100010
11111000
11111010
11111100
10000100
10010000
10101110
00010110
10111110
00111010
10001100
11101000
10011110
11000010
10100101
00010101
00000000
00101101
00111111
01111011
11011010
01011001
11000001
00011111
01011000
00100001
01001000
01101101
01001011
00111101
01000111
00101001
01001010
01100111
10101111
01011111
01111111
00111100
00001101
00010011
10010011
00010100
11010111
11110000
10001101
10001001
11100101
00110100
01110110
00100011
00101000
00101011
10000010
00011101
00101100
01000000
01111101
00101111
11010001
00011100
11100011
01100001
10010110
10000001
10101010
11011101
11000100
11000000
01010101
11001000
10011100
10001010
00110001
00001011
11010000
10000111
01001100
01101100
11011110
10101101
01101001
10111101
01110101
00001010
11001100
11010100
01101000
00010000
11100111
00011011
01111001
00101010
00111000
11101110
11001010
00110010
01001111
10011010
10001000
01011101
01010000
01000110
10111111
00001100
01010111
10111000
01010110
11010101
11110101
10110011
11011001
01101110
00100010
11000110
01111110
01001110
10011011
11010110
11101001
00000100
10111100
10110010
01000100
11010010
10000000
11100000
10000110
10110001
01111000
11011000
11101010
00001000
01011100
10100100
10111001
11011011
10101000
11010011
01111010
10111011
11110111
11001001
01101011
fin
